              precision    recall  f1-score   support

      SINGLE   0.000000  0.000000  0.000000       811
      DOUBLE   0.000000  0.000000  0.000000       181
      TRIPLE   0.000000  0.000000  0.000000        21
          HR   0.000000  0.000000  0.000000        87
          BB   0.000000  0.000000  0.000000       344
          SO   0.423077  0.022335  0.042430       985
         HBP   0.000000  0.000000  0.000000        53
         OUT   0.496502  0.992596  0.661912      2431

    accuracy                       0.495624      4913
   macro avg   0.114947  0.126866  0.088043      4913
weighted avg   0.330496  0.495624  0.336027      4913
