              precision    recall  f1-score   support

      SINGLE   0.000000  0.000000  0.000000       811
      DOUBLE   0.000000  0.000000  0.000000       181
      TRIPLE   0.000000  0.000000  0.000000        21
          HR   0.000000  0.000000  0.000000        87
          BB   0.000000  0.000000  0.000000       344
          SO   0.700000  0.007107  0.014070       985
         HBP   0.000000  0.000000  0.000000        53
         OUT   0.495615  0.999589  0.662667      2431

    accuracy                       0.496031      4913
   macro avg   0.149452  0.125837  0.084592      4913
weighted avg   0.385577  0.496031  0.330715      4913
