              precision    recall  f1-score   support

      SINGLE   0.281690  0.024661  0.045351       811
      DOUBLE   0.000000  0.000000  0.000000       181
      TRIPLE   0.000000  0.000000  0.000000        21
          HR   0.000000  0.000000  0.000000        87
          BB   0.000000  0.000000  0.000000       344
          SO   0.397590  0.033503  0.061798       985
         HBP   0.000000  0.000000  0.000000        53
         OUT   0.501576  0.981900  0.663978      2431

    accuracy                       0.496642      4913
   macro avg   0.147607  0.130008  0.096391      4913
weighted avg   0.374396  0.496642  0.348419      4913
