              precision    recall  f1-score   support

      SINGLE   0.366667  0.013564  0.026159       811
      DOUBLE   0.000000  0.000000  0.000000       181
      TRIPLE   0.000000  0.000000  0.000000        21
          HR   0.000000  0.000000  0.000000        87
          BB   0.000000  0.000000  0.000000       344
          SO   0.544118  0.037563  0.070275       985
         HBP   0.000000  0.000000  0.000000        53
         OUT   0.500727  0.991773  0.665471      2431

    accuracy                       0.500509      4913
   macro avg   0.176439  0.130362  0.095238      4913
weighted avg   0.417380  0.500509  0.347689      4913
