              precision    recall  f1-score   support

      SINGLE   0.000000  0.000000  0.000000       811
      DOUBLE   0.000000  0.000000  0.000000       181
      TRIPLE   0.000000  0.000000  0.000000        21
          HR   0.000000  0.000000  0.000000        87
          BB   0.000000  0.000000  0.000000       344
          SO   0.511628  0.022335  0.042802       985
         HBP   0.000000  0.000000  0.000000        53
         OUT   0.495790  0.993007  0.661370      2431

    accuracy                       0.495827      4913
   macro avg   0.125927  0.126918  0.088021      4913
weighted avg   0.347897  0.495827  0.335833      4913
