              precision    recall  f1-score   support

      SINGLE   0.200000  0.002466  0.004872       811
      DOUBLE   0.000000  0.000000  0.000000       181
      TRIPLE   0.000000  0.000000  0.000000        21
          HR   0.000000  0.000000  0.000000        87
          BB   0.000000  0.000000  0.000000       344
          SO   0.567568  0.021320  0.041096       985
         HBP   0.000000  0.000000  0.000000        53
         OUT   0.496917  0.994652  0.662738      2431

    accuracy                       0.496845      4913
   macro avg   0.158061  0.127305  0.088588      4913
weighted avg   0.392685  0.496845  0.336973      4913
