              precision    recall  f1-score   support

      SINGLE   0.400000  0.002466  0.004902       811
      DOUBLE   0.000000  0.000000  0.000000       181
      TRIPLE   0.000000  0.000000  0.000000        21
          HR   0.000000  0.000000  0.000000        87
          BB   0.000000  0.000000  0.000000       344
          SO   0.430556  0.031472  0.058657       985
         HBP   0.000000  0.000000  0.000000        53
         OUT   0.497105  0.988893  0.661621      2431

    accuracy                       0.496031      4913
   macro avg   0.165958  0.127854  0.090647      4913
weighted avg   0.398323  0.496031  0.339946      4913
