              precision    recall  f1-score   support

      SINGLE   0.272727  0.003699  0.007299       811
      DOUBLE   0.000000  0.000000  0.000000       181
      TRIPLE   0.000000  0.000000  0.000000        21
          HR   0.000000  0.000000  0.000000        87
          BB   0.000000  0.000000  0.000000       344
          SO   0.596154  0.031472  0.059788       985
         HBP   0.000000  0.000000  0.000000        53
         OUT   0.498144  0.993830  0.663645      2431

    accuracy                       0.498677      4913
   macro avg   0.170878  0.128625  0.091342      4913
weighted avg   0.411028  0.498677  0.341570      4913
