              precision    recall  f1-score   support

      SINGLE   0.000000  0.000000  0.000000       811
      DOUBLE   0.000000  0.000000  0.000000       181
      TRIPLE   0.000000  0.000000  0.000000        21
          HR   0.000000  0.000000  0.000000        87
          BB   0.000000  0.000000  0.000000       344
          SO   0.486486  0.018274  0.035225       985
         HBP   0.000000  0.000000  0.000000        53
         OUT   0.495283  0.993418  0.661010      2431

    accuracy                       0.495217      4913
   macro avg   0.122721  0.126462  0.087029      4913
weighted avg   0.342606  0.495217  0.334136      4913
