              precision    recall  f1-score   support

      SINGLE   0.000000  0.000000  0.000000       811
      DOUBLE   0.000000  0.000000  0.000000       181
      TRIPLE   0.000000  0.000000  0.000000        21
          HR   0.000000  0.000000  0.000000        87
          BB   0.000000  0.000000  0.000000       344
          SO   0.714286  0.010152  0.020020       985
         HBP   0.000000  0.000000  0.000000        53
         OUT   0.495407  0.998355  0.662210      2431

    accuracy                       0.496031      4913
   macro avg   0.151212  0.126063  0.085279      4913
weighted avg   0.388338  0.496031  0.331682      4913
