              precision    recall  f1-score   support

      SINGLE   0.178536  0.219482  0.196903       811
      DOUBLE   0.037681  0.071823  0.049430       181
      TRIPLE   0.000000  0.000000  0.000000        21
          HR   0.047619  0.126437  0.069182        87
          BB   0.086233  0.165698  0.113433       344
          SO   0.278095  0.296447  0.286978       985
         HBP   0.028302  0.056604  0.037736        53
         OUT   0.522911  0.319210  0.396424      2431

    accuracy                       0.270710      4913
   macro avg   0.147422  0.156963  0.143761      4913
weighted avg   0.352542  0.270710  0.297589      4913
