              precision    recall  f1-score   support

      SINGLE   0.196108  0.161529  0.177147       811
      DOUBLE   0.074074  0.011050  0.019231       181
      TRIPLE   0.000000  0.000000  0.000000        21
          HR   0.105263  0.022989  0.037736        87
          BB   0.129964  0.104651  0.115942       344
          SO   0.269456  0.326904  0.295413       985
         HBP   0.000000  0.000000  0.000000        53
         OUT   0.522585  0.585356  0.552192      2431

    accuracy                       0.389986      4913
   macro avg   0.162181  0.151560  0.149708      4913
weighted avg   0.358668  0.389986  0.371194      4913
