              precision    recall  f1-score   support

      SINGLE   0.000000  0.000000  0.000000       811
      DOUBLE   0.000000  0.000000  0.000000       181
      TRIPLE   0.000000  0.000000  0.000000        21
          HR   0.000000  0.000000  0.000000        87
          BB   0.000000  0.000000  0.000000       344
          SO   0.477273  0.021320  0.040816       985
         HBP   0.000000  0.000000  0.000000        53
         OUT   0.495892  0.993007  0.661460      2431

    accuracy                       0.495624      4913
   macro avg   0.121646  0.126791  0.087785      4913
weighted avg   0.341060  0.495624  0.335480      4913
