              precision    recall  f1-score   support

      SINGLE   0.333333  0.002466  0.004896       811
      DOUBLE   0.000000  0.000000  0.000000       181
      TRIPLE   0.000000  0.000000  0.000000        21
          HR   0.000000  0.000000  0.000000        87
          BB   0.000000  0.000000  0.000000       344
          SO   0.575758  0.019289  0.037328       985
         HBP   0.000000  0.000000  0.000000        53
         OUT   0.496717  0.995886  0.662834      2431

    accuracy                       0.497049      4913
   macro avg   0.175726  0.127205  0.088132      4913
weighted avg   0.416237  0.497049  0.336269      4913
