              precision    recall  f1-score   support

      SINGLE   0.201573  0.252774  0.224289       811
      DOUBLE   0.048571  0.093923  0.064030       181
      TRIPLE   0.000000  0.000000  0.000000        21
          HR   0.042254  0.103448  0.060000        87
          BB   0.094033  0.151163  0.115942       344
          SO   0.259464  0.285279  0.271760       985
         HBP   0.030928  0.056604  0.040000        53
         OUT   0.529486  0.343480  0.416667      2431

    accuracy                       0.285365      4913
   macro avg   0.150789  0.160834  0.149086      4913
weighted avg   0.356744  0.285365  0.309650      4913
