              precision    recall  f1-score   support

      SINGLE   0.207092  0.180025  0.192612       811
      DOUBLE   0.076923  0.011050  0.019324       181
      TRIPLE   0.000000  0.000000  0.000000        21
          HR   0.090909  0.022989  0.036697        87
          BB   0.106227  0.084302  0.094003       344
          SO   0.273418  0.328934  0.298618       985
         HBP   0.000000  0.000000  0.000000        53
         OUT   0.527232  0.585356  0.554776      2431

    accuracy                       0.392021      4913
   macro avg   0.160225  0.151582  0.149504      4913
weighted avg   0.361764  0.392021  0.374116      4913
