              precision    recall  f1-score   support

      SINGLE   0.307692  0.049322  0.085016       811
      DOUBLE   0.000000  0.000000  0.000000       181
      TRIPLE   0.000000  0.000000  0.000000        21
          HR   0.000000  0.000000  0.000000        87
          BB   0.000000  0.000000  0.000000       344
          SO   0.381295  0.053807  0.094306       985
         HBP   0.000000  0.000000  0.000000        53
         OUT   0.505168  0.965035  0.663180      2431

    accuracy                       0.496438      4913
   macro avg   0.149269  0.133520  0.105313      4913
weighted avg   0.377199  0.496438  0.361089      4913
