              precision    recall  f1-score   support

      SINGLE   0.407407  0.013564  0.026253       811
      DOUBLE   0.000000  0.000000  0.000000       181
      TRIPLE   0.000000  0.000000  0.000000        21
          HR   0.000000  0.000000  0.000000        87
          BB   0.000000  0.000000  0.000000       344
          SO   0.536585  0.022335  0.042885       985
         HBP   0.000000  0.000000  0.000000        53
         OUT   0.498452  0.993418  0.663826      2431

    accuracy                       0.498270      4913
   macro avg   0.180306  0.128665  0.091621      4913
weighted avg   0.421470  0.498270  0.341399      4913
