              precision    recall  f1-score   support

      SINGLE   0.176083  0.230580  0.199680       811
      DOUBLE   0.036923  0.066298  0.047431       181
      TRIPLE   0.000000  0.000000  0.000000        21
          HR   0.036458  0.080460  0.050179        87
          BB   0.097600  0.177326  0.125903       344
          SO   0.237643  0.253807  0.245459       985
         HBP   0.012346  0.018868  0.014925        53
         OUT   0.522552  0.333608  0.407231      2431

    accuracy                       0.270507      4913
   macro avg   0.139951  0.145118  0.136351      4913
weighted avg   0.344247  0.270507  0.295287      4913
