              precision    recall  f1-score   support

      SINGLE   0.183377  0.171393  0.177183       811
      DOUBLE   0.100000  0.016575  0.028436       181
      TRIPLE   0.000000  0.000000  0.000000        21
          HR   0.076923  0.022989  0.035398        87
          BB   0.105769  0.095930  0.100610       344
          SO   0.276778  0.327919  0.300186       985
         HBP   0.000000  0.000000  0.000000        53
         OUT   0.519878  0.559441  0.538934      2431

    accuracy                       0.378587      4913
   macro avg   0.157841  0.149281  0.147593      4913
weighted avg   0.355454  0.378587  0.364821      4913
