              precision    recall  f1-score   support

      SINGLE   0.185934  0.237978  0.208761       811
      DOUBLE   0.042938  0.209945  0.071295       181
      TRIPLE   0.005277  0.095238  0.010000        21
          HR   0.022965  0.252874  0.042105        87
          BB   0.043668  0.029070  0.034904       344
          SO   0.258216  0.167513  0.203202       985
         HBP   0.000000  0.000000  0.000000        53
         OUT   0.518621  0.154669  0.238276      2431

    accuracy                       0.164055      4913
   macro avg   0.134702  0.143411  0.101068      4913
weighted avg   0.344149  0.164055  0.198961      4913
