              precision    recall  f1-score   support

      SINGLE   0.175455  0.463625  0.254570       811
      DOUBLE   0.033037  0.143646  0.053719       181
      TRIPLE   0.006042  0.095238  0.011364        21
          HR   0.029528  0.172414  0.050420        87
          BB   0.066372  0.043605  0.052632       344
          SO   0.222689  0.053807  0.086672       985
         HBP   0.008955  0.056604  0.015464        53
         OUT   0.484058  0.068696  0.120317      2431

    accuracy                       0.133727      4913
   macro avg   0.128267  0.137204  0.080645      4913
weighted avg   0.319636  0.133727  0.125706      4913
